scene 0
shape 7 0.0000 0.5000 -12.0000 1.0000 0.5000 3.0000 0.5000 0.2000 0.2000 1.0000 0.0000 0.0000 0.0000 0.5000 32 1
shape 5 0.0000 0.0000 0.0000 5.0000 1.0000 30.0000 0.2000 0.5000 0.2000 1.0000 0.0000 0.0000 0.0000 0.0000 0 0
shape 5 0.0000 0.0000 -8.0000 10.0000 1.0000 5.0000 0.2000 0.5000 0.2000 1.0000 0.0000 0.0000 0.0000 0.0000 0 0
shape 1 0.0000 0.5100 14.0000 4.0000 1.1000 3.0000 0.5000 0.2000 0.2000 1.0000 -1.5708 0.0000 0.0000 0.0000 0 0
shape 1 0.0000 9.0000 2.5100 1.0000 1.0000 1.0000 0.5000 0.2000 0.2000 1.0000 0.0000 0.0000 0.0000 0.0000 0 0
shape 3 0.0000 6.5000 0.0000 5.0000 10.0000 5.0000 0.5000 0.2000 0.2000 1.0000 0.0000 0.0000 0.0000 0.0000 0 0
shape 5 0.0000 9.0000 0.0000 2.0000 3.0000 5.0000 0.5000 0.2000 0.2000 1.0000 0.0000 0.0000 0.0000 0.0000 0 0
shape 3 0.0000 12.0000 0.0000 2.0000 3.0000 5.0000 0.5000 0.5000 0.5000 1.0000 0.0000 0.0000 0.0000 2.5100 4 0
shape 7 0.0000 9.0000 3.0000 1.0000 1.0000 1.0000 0.2500 0.2500 0.2500 1.0000 1.5708 0.0000 0.0000 0.2500 32 0
shape 5 0.0000 13.0000 3.2000 8.0000 0.5000 0.5000 0.5000 0.5000 0.5000 1.0000 0.0000 0.0000 1.5708 0.0000 0 0
shape 5 -1.5000 17.0000 3.2000 3.5000 0.5000 0.5000 0.5000 0.5000 0.5000 1.0000 0.0000 0.0000 0.0000 0.0000 0 0
shape 5 -0.7500 14.0000 3.2000 0.3000 5.5000 0.3000 0.5000 0.5000 0.5000 1.0000 0.0000 0.0000 0.0000 0.0000 0 0
shape 5 -1.5000 14.0000 3.2000 0.3000 5.5000 0.3000 0.5000 0.5000 0.5000 1.0000 0.0000 0.0000 0.0000 0.0000 0 0
shape 5 -2.2500 14.0000 3.2000 0.3000 5.5000 0.3000 0.5000 0.5000 0.5000 1.0000 0.0000 0.0000 0.0000 0.0000 0 0
shape 5 -1.5000 16.0000 3.2000 0.3000 3.0000 0.3000 0.5000 0.5000 0.5000 1.0000 0.0000 0.0000 1.5708 0.0000 0 0
shape 5 -1.5000 15.0000 3.2000 0.3000 3.0000 0.3000 0.5000 0.5000 0.5000 1.0000 0.0000 0.0000 1.5708 0.0000 0 0
shape 5 -1.5000 14.0000 3.2000 0.3000 3.0000 0.3000 0.5000 0.5000 0.5000 1.0000 0.0000 0.0000 1.5708 0.0000 0 0
shape 5 -1.5000 13.0000 3.2000 0.3000 3.0000 0.3000 0.5000 0.5000 0.5000 1.0000 0.0000 0.0000 1.5708 0.0000 0 0
shape 5 -1.5000 12.0000 3.2000 0.3000 3.0000 0.3000 0.5000 0.5000 0.5000 1.0000 0.0000 0.0000 1.5708 0.0000 0 0
shape 5 0.0000 5.0000 3.2000 8.0000 0.5000 0.5000 0.5000 0.5000 0.5000 1.0000 0.0000 0.0000 1.5708 0.0000 0 0
shape 5 1.5000 1.0000 3.2000 3.5000 0.5000 0.5000 0.5000 0.5000 0.5000 1.0000 0.0000 0.0000 0.0000 0.0000 0 0
shape 5 0.7500 4.0000 3.2000 0.3000 5.5000 0.3000 0.5000 0.5000 0.5000 1.0000 0.0000 0.0000 0.0000 0.0000 0 0
shape 5 1.5000 4.0000 3.2000 0.3000 5.5000 0.3000 0.5000 0.5000 0.5000 1.0000 0.0000 0.0000 0.0000 0.0000 0 0
shape 5 2.2500 4.0000 3.2000 0.3000 5.5000 0.3000 0.5000 0.5000 0.5000 1.0000 0.0000 0.0000 0.0000 0.0000 0 0
shape 5 1.5000 6.0000 3.2000 0.3000 3.0000 0.3000 0.5000 0.5000 0.5000 1.0000 0.0000 0.0000 1.5708 0.0000 0 0
shape 5 1.5000 5.0000 3.2000 0.3000 3.0000 0.3000 0.5000 0.5000 0.5000 1.0000 0.0000 0.0000 1.5708 0.0000 0 0
shape 5 1.5000 4.0000 3.2000 0.3000 3.0000 0.3000 0.5000 0.5000 0.5000 1.0000 0.0000 0.0000 1.5708 0.0000 0 0
shape 5 1.5000 3.0000 3.2000 0.3000 3.0000 0.3000 0.5000 0.5000 0.5000 1.0000 0.0000 0.0000 1.5708 0.0000 0 0
shape 5 1.5000 2.0000 3.2000 0.3000 3.0000 0.3000 0.5000 0.5000 0.5000 1.0000 0.0000 0.0000 1.5708 0.0000 0 0
shape 5 4.0000 9.0000 3.2000 8.0000 0.5000 0.5000 0.5000 0.5000 0.5000 1.0000 0.0000 0.0000 0.0000 0.0000 0 0
shape 5 8.0000 10.5000 3.2000 3.5000 0.5000 0.5000 0.5000 0.5000 0.5000 1.0000 0.0000 0.0000 1.5708 0.0000 0 0
shape 5 5.0000 11.2500 3.2000 0.3000 5.5000 0.3000 0.5000 0.5000 0.5000 1.0000 0.0000 0.0000 1.5708 0.0000 0 0
shape 5 5.0000 10.5000 3.2000 0.3000 5.5000 0.3000 0.5000 0.5000 0.5000 1.0000 0.0000 0.0000 1.5708 0.0000 0 0
shape 5 5.0000 9.7500 3.2000 0.3000 5.5000 0.3000 0.5000 0.5000 0.5000 1.0000 0.0000 0.0000 1.5708 0.0000 0 0
shape 5 7.0000 10.5000 3.2000 0.3000 3.0000 0.3000 0.5000 0.5000 0.5000 1.0000 0.0000 0.0000 0.0000 0.0000 0 0
shape 5 6.0000 10.5000 3.2000 0.3000 3.0000 0.3000 0.5000 0.5000 0.5000 1.0000 0.0000 0.0000 0.0000 0.0000 0 0
shape 5 5.0000 10.5000 3.2000 0.3000 3.0000 0.3000 0.5000 0.5000 0.5000 1.0000 0.0000 0.0000 0.0000 0.0000 0 0
shape 5 4.0000 10.5000 3.2000 0.3000 3.0000 0.3000 0.5000 0.5000 0.5000 1.0000 0.0000 0.0000 0.0000 0.0000 0 0
shape 5 3.0000 10.5000 3.2000 0.3000 3.0000 0.3000 0.5000 0.5000 0.5000 1.0000 0.0000 0.0000 0.0000 0.0000 0 0
shape 5 -4.0000 9.0000 3.2000 8.0000 0.5000 0.5000 0.5000 0.5000 0.5000 1.0000 0.0000 0.0000 0.0000 0.0000 0 0
shape 5 -8.0000 7.5000 3.2000 3.5000 0.5000 0.5000 0.5000 0.5000 0.5000 1.0000 0.0000 0.0000 1.5708 0.0000 0 0
shape 5 -5.0000 8.2500 3.2000 0.3000 5.5000 0.3000 0.5000 0.5000 0.5000 1.0000 0.0000 0.0000 1.5708 0.0000 0 0
shape 5 -5.0000 7.5000 3.2000 0.3000 5.5000 0.3000 0.5000 0.5000 0.5000 1.0000 0.0000 0.0000 1.5708 0.0000 0 0
shape 5 -5.0000 6.7500 3.2000 0.3000 5.5000 0.3000 0.5000 0.5000 0.5000 1.0000 0.0000 0.0000 1.5708 0.0000 0 0
shape 5 -7.0000 7.5000 3.2000 0.3000 3.0000 0.3000 0.5000 0.5000 0.5000 1.0000 0.0000 0.0000 0.0000 0.0000 0 0
shape 5 -6.0000 7.5000 3.2000 0.3000 3.0000 0.3000 0.5000 0.5000 0.5000 1.0000 0.0000 0.0000 0.0000 0.0000 0 0
shape 5 -5.0000 7.5000 3.2000 0.3000 3.0000 0.3000 0.5000 0.5000 0.5000 1.0000 0.0000 0.0000 0.0000 0.0000 0 0
shape 5 -4.0000 7.5000 3.2000 0.3000 3.0000 0.3000 0.5000 0.5000 0.5000 1.0000 0.0000 0.0000 0.0000 0.0000 0 0
shape 5 -3.0000 7.5000 3.2000 0.3000 3.0000 0.3000 0.5000 0.5000 0.5000 1.0000 0.0000 0.0000 0.0000 0.0000 0 0
shape 1 1.2000 7.0000 -2.0000 1.0000 11.0000 0.5000 0.5000 0.5000 0.5000 1.0000 -0.2580 1.5708 0.0000 0.0000 0 0
shape 1 1.2000 7.0000 2.0000 1.0000 11.0000 0.5000 0.5000 0.5000 0.5000 1.0000 -0.2580 1.5708 0.0000 0.0000 0 0
shape 1 -1.2000 7.0000 -2.0000 1.0000 11.0000 0.5000 0.5000 0.5000 0.5000 1.0000 -0.2580 -1.5708 0.0000 0.0000 0 0
shape 1 -1.2000 7.0000 2.0000 1.0000 11.0000 0.5000 0.5000 0.5000 0.5000 1.0000 -0.2580 -1.5708 0.0000 0.0000 0 0
shape 1 1.0100 9.0000 -2.0000 1.0000 3.0000 0.5000 0.5000 0.5000 0.5000 1.0000 0.0000 1.5708 0.0000 0.0000 0 0
shape 1 1.0100 9.0000 2.0000 1.0000 3.0000 0.5000 0.5000 0.5000 0.5000 1.0000 0.0000 1.5708 0.0000 0.0000 0 0
shape 1 -1.0100 9.0000 -2.0000 1.0000 3.0000 0.5000 0.5000 0.5000 0.5000 1.0000 0.0000 -1.5708 0.0000 0.0000 0 0
shape 1 -1.0100 9.0000 2.0000 1.0000 3.0000 0.5000 0.5000 0.5000 0.5000 1.0000 0.0000 -1.5708 0.0000 0.0000 0 0
shape 5 -2.2500 1.0000 4.5000 0.3500 1.0000 20.8500 0.5000 0.5000 0.5000 1.0000 0.0000 0.0000 0.0000 0.0000 0 0
shape 5 2.2500 1.0000 4.5000 0.3500 1.0000 20.8500 0.5000 0.5000 0.5000 1.0000 0.0000 0.0000 0.0000 0.0000 0 0
shape 5 3.5000 1.0000 -5.7500 0.3500 1.0000 2.7500 0.5000 0.5000 0.5000 1.0000 0.0000 1.5708 0.0000 0.0000 0 0
shape 5 -3.5000 1.0000 -5.7500 0.3500 1.0000 2.7500 0.5000 0.5000 0.5000 1.0000 0.0000 1.5708 0.0000 0.0000 0 0
shape 5 4.7500 1.0000 -8.0000 0.3500 1.0000 4.8500 0.5000 0.5000 0.5000 1.0000 0.0000 0.0000 0.0000 0.0000 0 0
shape 5 -4.7500 1.0000 -8.0000 0.3500 1.0000 4.8500 0.5000 0.5000 0.5000 1.0000 0.0000 0.0000 0.0000 0.0000 0 0
shape 5 3.5000 1.0000 -10.2500 0.3500 1.0000 2.7500 0.5000 0.5000 0.5000 1.0000 0.0000 1.5708 0.0000 0.0000 0 0
shape 5 -3.5000 1.0000 -10.2500 0.3500 1.0000 2.7500 0.5000 0.5000 0.5000 1.0000 0.0000 1.5708 0.0000 0.0000 0 0
shape 5 -2.2500 1.0000 -12.5000 0.3500 1.0000 4.8500 0.5000 0.5000 0.5000 1.0000 0.0000 0.0000 0.0000 0.0000 0 0
shape 5 2.2500 1.0000 -12.5000 0.3500 1.0000 4.8500 0.5000 0.5000 0.5000 1.0000 0.0000 0.0000 0.0000 0.0000 0 0
shape 5 0.0000 1.0000 -14.8000 0.3500 1.0000 4.8500 0.5000 0.5000 0.5000 1.0000 0.0000 1.5708 0.0000 0.0000 0 0
shape 5 0.0000 1.0000 2.0000 1.0000 1.0000 2.0000 0.5000 0.5000 0.5000 1.0000 0.0000 1.5708 0.0000 0.0000 0 1
shape 5 0.0000 1.0000 2.0000 1.0000 1.0000 4.5000 0.5000 0.5000 0.5000 1.0000 0.0000 1.5708 0.0000 0.0000 0 0
shape 5 0.0000 -1.0000 0.0000 50.0000 1.0000 50.0000 0.7600 0.6000 0.4200 1.0000 0.0000 0.0000 0.0000 0.0000 0 0
shape 5 -20.0000 4.0000 0.0000 1.0000 10.0000 20.0000 0.2000 0.4000 0.6000 1.0000 0.0000 0.0000 0.0000 0.0000 0 0
shape 5 -17.0000 4.0000 9.5000 1.0000 10.0000 6.0000 0.2000 0.4000 0.6000 1.0000 0.0000 1.5708 0.0000 0.0000 0 0
shape 5 -17.0000 4.0000 -9.5000 1.0000 10.0000 6.0000 0.2000 0.4000 0.6000 1.0000 0.0000 1.5708 0.0000 0.0000 0 0
shape 5 -15.0000 9.5000 0.0000 11.0000 1.0000 20.0000 0.2000 0.4000 0.6000 1.0000 0.0000 0.0000 0.0000 0.0000 0 0
shape 1 -15.0000 8.9900 0.0000 1.0000 20.0000 10.0000 0.5000 0.5000 0.5000 1.0000 1.5708 0.0000 0.0000 0.0000 0 0
shape 1 -19.0000 4.0000 0.0000 1.0000 10.0000 20.0000 0.5000 0.5000 0.5000 1.0000 0.0000 1.5708 0.0000 0.0000 0 0
shape 1 -16.5000 4.0000 -8.9900 1.0000 10.0000 5.0000 0.5000 0.5000 0.5000 1.0000 0.0000 0.0000 0.0000 0.0000 0 0
shape 1 -16.5000 4.0000 8.9900 1.0000 10.0000 5.0000 0.5000 0.5000 0.5000 1.0000 0.0000 3.1400 0.0000 0.0000 0 0
shape 6 10.0000 -0.2500 -10.0000 1.0000 0.8000 1.0000 0.4600 0.3000 0.1200 1.0000 0.0000 0.0000 0.0000 1.0000 32 0
shape 3 10.0000 0.5000 -10.0000 0.1000 3.0000 0.1000 0.4000 0.8000 0.4000 1.0000 0.0000 0.0000 0.0000 0.0000 0 0
shape 3 10.0000 0.5000 -10.0000 0.1000 3.0000 0.1000 0.4000 0.8000 0.4000 1.0000 0.0000 0.0000 0.6280 0.0000 0 0
shape 3 10.0000 0.5000 -10.0000 0.1000 3.0000 0.1000 0.4000 0.8000 0.4000 1.0000 0.0000 0.0000 1.2570 0.0000 0 0
shape 3 10.0000 0.5000 -10.0000 0.1000 3.0000 0.1000 0.4000 0.8000 0.4000 1.0000 0.0000 0.0000 1.8850 0.0000 0 0
shape 3 10.0000 0.5000 -10.0000 0.1000 3.0000 0.1000 0.4000 0.8000 0.4000 1.0000 0.0000 0.0000 2.5130 0.0000 0 0
shape 3 10.0000 0.5000 -10.0000 0.1000 3.0000 0.1000 0.4000 0.8000 0.4000 1.0000 0.0000 0.0000 3.1420 0.0000 0 0
shape 3 10.0000 0.5000 -10.0000 0.1000 3.0000 0.1000 0.4000 0.8000 0.4000 1.0000 0.0000 0.0000 3.7700 0.0000 0 0
shape 3 10.0000 0.5000 -10.0000 0.1000 3.0000 0.1000 0.4000 0.8000 0.4000 1.0000 0.0000 0.0000 4.3980 0.0000 0 0
shape 3 10.0000 0.5000 -10.0000 0.1000 3.0000 0.1000 0.4000 0.8000 0.4000 1.0000 0.0000 0.0000 5.0270 0.0000 0 0
shape 3 10.0000 0.5000 -10.0000 0.1000 3.0000 0.1000 0.4000 0.8000 0.4000 1.0000 0.0000 0.0000 5.6650 0.0000 0 0
shape 3 10.0000 0.5000 -10.0000 0.1000 3.0000 0.1000 0.4000 0.8000 0.4000 1.0000 0.6280 0.0000 0.0000 0.0000 0 0
shape 3 10.0000 0.5000 -10.0000 0.1000 3.0000 0.1000 0.4000 0.8000 0.4000 1.0000 1.2570 0.0000 0.0000 0.0000 0 0
shape 3 10.0000 0.5000 -10.0000 0.1000 3.0000 0.1000 0.4000 0.8000 0.4000 1.0000 1.8850 0.0000 0.0000 0.0000 0 0
shape 3 10.0000 0.5000 -10.0000 0.1000 3.0000 0.1000 0.4000 0.8000 0.4000 1.0000 2.5130 0.0000 0.0000 0.0000 0 0
shape 3 10.0000 0.5000 -10.0000 0.1000 3.0000 0.1000 0.4000 0.8000 0.4000 1.0000 3.1420 0.0000 0.0000 0.0000 0 0
shape 3 10.0000 0.5000 -10.0000 0.1000 3.0000 0.1000 0.4000 0.8000 0.4000 1.0000 3.7700 0.0000 0.0000 0.0000 0 0
shape 3 10.0000 0.5000 -10.0000 0.1000 3.0000 0.1000 0.4000 0.8000 0.4000 1.0000 4.3980 0.0000 0.0000 0.0000 0 0
shape 3 10.0000 0.5000 -10.0000 0.1000 3.0000 0.1000 0.4000 0.8000 0.4000 1.0000 5.0270 0.0000 0.0000 0.0000 0 0
shape 3 10.0000 0.5000 -10.0000 0.1000 3.0000 0.1000 0.4000 0.8000 0.4000 1.0000 5.6650 0.0000 0.0000 0.0000 0 0
shape 6 12.0000 3.0000 -15.0000 1.0000 8.0000 1.0000 0.4600 0.3000 0.1200 1.0000 0.0000 0.0000 0.0000 1.0000 32 0
shape 3 12.0000 7.0000 -15.0000 0.4000 6.0000 0.4000 0.4000 0.8000 0.4000 1.0000 0.0000 0.0000 0.0000 0.0000 0 0
shape 3 12.0000 7.0000 -15.0000 0.4000 6.0000 0.4000 0.4000 0.8000 0.4000 1.0000 0.0000 0.0000 0.6280 0.0000 0 0
shape 3 12.0000 7.0000 -15.0000 0.4000 6.0000 0.4000 0.4000 0.8000 0.4000 1.0000 0.0000 0.0000 1.2570 0.0000 0 0
shape 3 12.0000 7.0000 -15.0000 0.4000 6.0000 0.4000 0.4000 0.8000 0.4000 1.0000 0.0000 0.0000 1.8850 0.0000 0 0
shape 3 12.0000 7.0000 -15.0000 0.4000 6.0000 0.4000 0.4000 0.8000 0.4000 1.0000 0.0000 0.0000 2.5130 0.0000 0 0
shape 3 12.0000 7.0000 -15.0000 0.4000 6.0000 0.4000 0.4000 0.8000 0.4000 1.0000 0.0000 0.0000 3.1420 0.0000 0 0
shape 3 12.0000 7.0000 -15.0000 0.4000 6.0000 0.4000 0.4000 0.8000 0.4000 1.0000 0.0000 0.0000 3.7700 0.0000 0 0
shape 3 12.0000 7.0000 -15.0000 0.4000 6.0000 0.4000 0.4000 0.8000 0.4000 1.0000 0.0000 0.0000 4.3980 0.0000 0 0
shape 3 12.0000 7.0000 -15.0000 0.4000 6.0000 0.4000 0.4000 0.8000 0.4000 1.0000 0.0000 0.0000 5.0270 0.0000 0 0
shape 3 12.0000 7.0000 -15.0000 0.4000 6.0000 0.4000 0.4000 0.8000 0.4000 1.0000 0.0000 0.0000 5.6650 0.0000 0 0
shape 3 12.0000 7.0000 -15.0000 0.4000 6.0000 0.4000 0.4000 0.8000 0.4000 1.0000 0.6280 0.0000 0.0000 0.0000 0 0
shape 3 12.0000 7.0000 -15.0000 0.4000 6.0000 0.4000 0.4000 0.8000 0.4000 1.0000 1.2570 0.0000 0.0000 0.0000 0 0
shape 3 12.0000 7.0000 -15.0000 0.4000 6.0000 0.4000 0.4000 0.8000 0.4000 1.0000 1.8850 0.0000 0.0000 0.0000 0 0
shape 3 12.0000 7.0000 -15.0000 0.4000 6.0000 0.4000 0.4000 0.8000 0.4000 1.0000 2.5130 0.0000 0.0000 0.0000 0 0
shape 3 12.0000 7.0000 -15.0000 0.4000 6.0000 0.4000 0.4000 0.8000 0.4000 1.0000 3.1420 0.0000 0.0000 0.0000 0 0
shape 3 12.0000 7.0000 -15.0000 0.4000 6.0000 0.4000 0.4000 0.8000 0.4000 1.0000 3.7700 0.0000 0.0000 0.0000 0 0
shape 3 12.0000 7.0000 -15.0000 0.4000 6.0000 0.4000 0.4000 0.8000 0.4000 1.0000 4.3980 0.0000 0.0000 0.0000 0 0
shape 3 12.0000 7.0000 -15.0000 0.4000 6.0000 0.4000 0.4000 0.8000 0.4000 1.0000 5.0270 0.0000 0.0000 0.0000 0 0
shape 3 12.0000 7.0000 -15.0000 0.4000 6.0000 0.4000 0.4000 0.8000 0.4000 1.0000 5.6650 0.0000 0.0000 0.0000 0 0
shape 4 1.4376 2.7965 14.4922 0.0000 0.0000 0.0000 0.7000 0.7000 0.7000 1.0000 0.0000 0.0000 0.0000 0.3000 20 0

