scene 0
# background
shape 1 0.0000 0.0000 0.0000 20.0000 13.0000 0.0000 4 0.2500 0.2800 0.3200 1.0000 0 0.0000
# border left
shape 1 -9.5000 0.0000 1.0000 0.5000 11.0000 0.0000 4 0.4000 0.2600 0.1300 1.0000 0 0.0000
# border top
shape 1 0.0000 -5.5000 1.0000 19.0000 0.5000 0.0000 4 0.4000 0.2600 0.1300 1.0000 0 0.0000
# border right
shape 1 9.5000 0.0000 1.0000 0.5000 11.0000 0.0000 4 0.4000 0.2600 0.1300 1.0000 0 0.0000
# border bottom
shape 1 0.0000 5.5000 1.0000 19.0000 0.5000 0.0000 4 0.4000 0.2600 0.1300 1.0000 0 0.0000
# green course
shape 1 0.0000 0.0000 0.0000 19.0000 11.0000 0.0000 4 0.1000 0.6000 0.1500 1.0000 0 0.0000
# blue water obstacle
shape 1 0.0000 0.0000 0.0000 3.0000 11.0000 0.0000 4 0.2000 0.4000 0.9000 1.0000 0 0.0000
# brown bridge 1
shape 1 0.0000 -3.000 0.0000 3.5000 2.0000 0.0000 4 0.4000 0.2000 0.0500 1.0000 0 0.0000
# brown bridge 2
shape 1 0.0000 3.000 0.0000 3.5000 2.0000 0.0000 4 0.4000 0.2000 0.0500 1.0000 0 0.0000
# horizontal brown bar
shape 1 2.5000 0.0000 1.0000 14.0000 1.0000 0.0000 4 0.4000 0.2000 0.0500 1.0000 0 0.0000
# red triangle large top right
shape 3 3.5000 4.5000 1.0000 3.0000 3.0000 0.0000 4 0.8000 0.1500 0.1500 1.0000 0 180.0000
# red triangle small bottom right
shape 3 5.0000 1.1500 1.0000 2.0000 2.0000 0.0000 4 0.8000 0.1500 0.1500 1.0000 0 0.0000
# cyan triangle top left
shape 3 -4.0000 2.0000 1.0000 0.8000 0.8000 0.0000 4 0.2000 0.8000 0.8000 1.0000 0 45.0000
# cyan triangle middle left
shape 3 -8.0000 0.0000 1.0000 0.8000 0.8000 0.0000 4 0.2000 0.8000 0.8000 1.0000 0 15.0000
# cyan triangle bottom left
shape 3 -3.5000 -2.5000 1.0000 0.8000 0.5000 0.0000 4 0.2000 0.8000 0.8000 1.0000 0 30.0000
# brown diagonal obstacle top left
shape 1 -8.5000 4.5000 1.0000 0.5000 2.5000 0.0000 4 0.4000 0.2000 0.0500 1.0000 0 -45.0000
# brown diagonal obstacle bottom left
shape 1 -8.5000 -4.5000 1.0000 0.5000 2.5000 0.0000 4 0.4000 0.2000 0.0500 1.0000 0 45.0000
# red vertical obstacle far right
shape 1 8.5000 -3.0000 0.0000 1.5000 4.8000 0.0000 4 0.5000 0.0000 0.0000 1.0000 0 0.0000
# magenta hole top right
shape 2 7.5000 4.0000 1.0000 0.0000 0.0000 0.3000 7 1.0000 0.0000 1.0000 1.0000 1 0.0000
# white ball
shape 4 8.0000 -2.0000 1.0000 0.0000 0.0000 0.2500 50 0.9000 0.9000 0.9000 1.0000 0 0.0000
ballvel -30.0000 -7.0000 0.0000