scene 0
shape 1 0.0000 5.5000 0.0000 9.5659 6.2179 0.0000 4 0.2500 0.2800 0.3200 1.0000 0 -30.0000
shape 1 -10.2500 0.5000 1.0000 1.5692 37.6611 0.0000 4 0.4000 0.2600 0.1300 1.0000 0 -15.0000
shape 1 0.0000 -5.7500 1.0000 19.0000 0.5000 0.0000 4 0.4000 0.2600 0.1300 1.0000 0 0.0000
shape 1 9.7500 0.5000 1.0000 0.5000 12.0000 0.0000 4 0.4000 0.2600 0.1300 1.0000 0 -15.0000
shape 1 0.0000 5.7500 1.0000 19.0000 0.5000 0.0000 4 0.4000 0.2600 0.1300 1.0000 0 0.0000
shape 1 0.0000 0.0000 0.0000 19.0000 11.0000 0.0000 4 0.1000 0.6000 0.1500 1.0000 0 0.0000
shape 1 -3.0000 0.0000 0.0000 3.0000 11.0000 0.0000 4 0.2000 0.4000 0.9000 1.0000 0 -60.0000
shape 1 0.0000 -3.0000 0.0000 3.5000 2.0000 0.0000 4 0.4000 0.2000 0.0500 1.0000 0 0.0000
shape 1 0.0000 3.0000 0.0000 6.2005 3.5431 0.0000 4 0.4000 0.2000 0.0500 1.0000 0 0.0000
shape 1 2.5000 0.0000 1.0000 14.0000 1.0000 0.0000 4 0.4000 0.2000 0.0500 1.0000 0 0.0000
shape 3 3.5000 4.5000 1.0000 3.0000 3.0000 0.0000 4 0.8000 0.1500 0.1500 1.0000 0 180.0000
shape 3 5.0000 1.1500 1.0000 2.0000 2.0000 0.0000 4 0.8000 0.1500 0.1500 1.0000 0 0.0000
shape 3 -4.5000 0.5003 1.0000 5.9202 5.9202 0.0000 4 0.2000 0.8000 0.8000 1.0000 0 45.0000
shape 3 -9.0000 0.0000 1.0000 1.8864 1.8864 0.0000 4 0.2000 0.8000 0.8000 1.0000 0 15.0000
shape 3 -1.5000 -2.4998 1.0000 0.7456 0.4659 0.0000 4 0.2000 0.8000 0.8000 1.0000 0 30.0000
shape 1 -7.5000 4.5000 1.0000 0.5000 2.5000 0.0000 4 0.4000 0.2000 0.0500 1.0000 0 -165.0000
shape 1 -8.5000 -4.5000 1.0000 1.5692 7.8461 0.0000 4 0.4000 0.2000 0.0500 1.0000 0 45.0000
shape 1 8.5000 -3.0000 0.0000 2.6573 8.5035 0.0000 4 0.5000 0.0000 0.0000 1.0000 0 0.0000
shape 2 7.5000 4.0000 1.0000 0.0000 0.0000 2.0183 7 1.0000 0.0000 1.0000 1.0000 1 0.0000
shape 4 0.7753 3.7356 1.0000 0.0000 0.0000 0.9305 50 0.9000 0.9000 0.9000 1.0000 0 0.0000
ballvel -0.0000 -0.0000 0.0000
