scene 0
# type   x    y     z   width height depth r   g    b    a     rotx roty rotz radius segments
# Course
shape 5 0 0 0 5 1 30 0.2 0.5 0.2 1.0 0 0 0 0 0
shape 5 0 0 -8 10 1 5 0.2 0.5 0.2 1.0 0 0 0 0 0
# Start zone
shape 1 0 0.52 14 4 1.1 3 0.5 0.2 0.2 1.0 -1.570796 0 0 0 0
# Hole
# Windmill
shape 3 0 6.5 0 5 10 5 0.5 0.2 0.2 1.0 0 0 0 0 0
shape 5 0 9 0 2 3 5 0.5 0.2 0.2 1.0 0 0 0 0 0
shape 6 0 12 0 3 3 5 0.5 0.2 0.2 1.0 0 45 0 2.51 4
#Rotor
shape 7 0 9 3 1 1 1 0.5 0.2 0.2 1.0 1.570796 0 0 0.25 32
# blade top
shape 5 0 13 3.2 8 0.5 0.5 0.5 0.5 0.5 1.0 0 0 1.570796 0 0
shape 5 -1.5 17 3.2 3.5 0.5 0.5 0.5 0.5 0.5 1.0 0 0 0 0 0
# blade bottom
shape 5 0 5 3.2 8 0.5 0.5 0.5 0.5 0.5 1.0 0 0 1.570796 0 0
shape 5 1.5 1 3.2 3.5 0.5 0.5 0.5 0.5 0.5 1.0 0 0 0 0 0
# blade right
shape 5 4 9 3.2 8 0.5 0.5 0.5 0.5 0.5 1.0 0 0 0 0 0
shape 5 8 10.5 3.2 3.5 0.5 0.5 0.5 0.5 0.5 1.0 0 0 1.570796 0 0
# blade left
shape 5 -4 9 3.2 8 0.5 0.5 0.5 0.5 0.5 1.0 0 0 0 0 0
shape 5 -8 7.5 3.2 3.5 0.5 0.5 0.5 0.5 0.5 1.0 0 0 1.570796 0 0
#temporary
shape 7 0 9 3 0.1 0.1 0.1 0.5 1 1 0.1 1.570796 0 0 8.5 128
#Fence