scene 0
shape 1 0.0000 0.0000 0.0000 20.0000 13.0000 0.0000 0.2500 0.2800 0.3200 1.0000 0 0.0000
shape 1 -9.5000 0.0000 1.0000 0.5000 11.0000 0.0000 0.3500 0.3800 0.2200 1.0000 0 0.0000
shape 1 0.0000 -5.5000 1.0000 19.0000 0.5000 0.0000 0.3500 0.3800 0.2200 1.0000 0 0.0000
shape 1 9.5000 0.0000 1.0000 0.5000 11.0000 0.0000 0.3500 0.3800 0.2200 1.0000 0 0.0000
shape 1 0.0000 5.5000 1.0000 19.0000 0.5000 0.0000 0.3500 0.3800 0.2200 1.0000 0 0.0000
shape 1 0.0000 0.0000 0.5000 19.0000 11.0000 0.0000 0.1000 0.6000 0.1500 1.0000 0 0.0000
shape 1 0.0000 0.0000 0.0000 3.0000 11.0000 0.0000 0.2000 0.4000 0.9000 1.0000 0 0.0000
shape 1 2.5000 0.0000 1.0000 14.0000 1.0000 0.0000 0.4000 0.2000 0.0500 1.0000 0 0.0000
shape 3 5.0000 4.0000 1.0000 3.0000 3.0000 0.0000 0.8000 0.1500 0.1500 1.0000 0 0.0000
shape 3 5.0000 1.0000 2.0000 2.0000 2.0000 0.0000 0.8000 0.1500 0.1500 1.0000 0 0.0000
shape 3 -4.0000 2.0000 1.0000 0.8000 0.8000 0.0000 0.2000 0.8000 0.8000 1.0000 0 0.0000
shape 3 -8.0000 0.0000 1.0000 0.8000 0.8000 0.0000 0.2000 0.8000 0.8000 1.0000 0 0.0000
shape 3 -3.5000 -2.5000 1.0000 0.8000 0.5000 0.0000 0.2000 0.8000 0.8000 1.0000 0 0.0000
shape 1 -7.5000 4.5000 1.0000 0.5000 2.5000 0.0000 0.4000 0.2000 0.0500 1.0000 0 -45.0000
shape 1 -7.5000 -4.5000 1.0000 0.5000 2.5000 0.0000 0.4000 0.2000 0.0500 1.0000 0 45.0000
shape 1 8.0000 -3.0000 0.0000 1.0000 4.8000 0.0000 0.8000 0.1500 0.1500 1.0000 0 0.0000
shape 2 7.5000 4.0000 1.0000 0.0000 0.0000 0.3000 1.0000 0.0000 1.0000 1.0000 1 0.0000
shape 4 -6.3020 3.7617 1.0000 0.0000 0.0000 0.2500 1.0000 1.0000 1.0000 1.0000 0 0.0000
ballvel -0.0125 -0.0163 0.0000
